IMG_1024 0 red 28 48 81 165
IMG_1024 1 white 95 55 164 186
IMG_1024 2 black 181 26 224 196
IMG_1024 3 black 74 139 144 212
IMG_1025 0 red 10 42 90 200
IMG_1025 1 white 106 50 204 197
IMG_1025 2 black 138 141 200 224
IMG_1026 0 black 60 126 120 207
IMG_1026 1 black 178 1 224 198
IMG_1026 2 red 2 48 80 174
IMG_1026 3 white 86 48 162 187
IMG_1027 0 white_yellow 93 138 185 204
IMG_1027 1 blue 10 32 75 181
IMG_1027 2 white 84 19 149 161
IMG_1027 3 black 166 1 224 187
IMG_1028 0 white_yellow 106 151 191 210
IMG_1028 1 black 151 10 224 199
IMG_1028 2 blue 1 40 58 213
IMG_1028 3 white 47 48 129 184
IMG_1029 0 white_yellow 58 138 163 215
IMG_1029 1 white 87 34 163 168
IMG_1029 2 blue 5 35 80 171
IMG_1029 3 black 171 1 224 197
IMG_1030 0 green 11 134 62 198
IMG_1030 1 white_yellow 31 48 95 184
IMG_1030 2 blue 99 2 195 208
IMG_1030 3 blue_grey 58 153 113 210
IMG_1031 0 green 48 144 93 212
IMG_1031 1 black 35 55 93 195
IMG_1031 2 blue 114 20 187 190
IMG_1031 3 blue_grey 92 144 144 209
IMG_1032 0 green 50 125 100 181
IMG_1032 1 blue 131 35 203 216
IMG_1032 2 blue_grey 111 160 155 213
IMG_1032 3 white_yellow 31 153 127 207
IMG_1033 0 red 19 144 75 196
IMG_1033 1 red 48 60 110 172
IMG_1033 2 blue 101 61 174 197
IMG_1033 3 black 56 149 107 221
IMG_1033 4 black 171 24 224 222
IMG_1033 5 yellow 91 153 125 205
IMG_1034 0 red 3 129 93 213
IMG_1034 1 yellow 96 117 146 203
IMG_1034 2 blue 121 7 187 170
IMG_1034 3 red 26 4 101 141
IMG_1034 4 black 55 115 150 224
IMG_1035 0 blue 114 14 176 169
IMG_1035 1 red 17 23 93 169
IMG_1035 2 red 13 135 105 202
IMG_1035 3 yellow 85 121 150 175
IMG_1035 4 black 72 131 169 209
IMG_1035 5 black 187 1 224 167
IMG_1036 0 white_red 14 20 64 123
IMG_1036 1 grey_red 41 109 152 188
IMG_1036 2 orange 48 63 116 136
IMG_1036 3 yellow 99 58 140 114
IMG_1037 0 white_red 76 1 136 109
IMG_1037 1 yellow 145 89 195 160
IMG_1037 2 orange 92 86 156 164
IMG_1037 3 grey_red 22 156 178 223
IMG_1037 4 white 2 1 68 68
IMG_1038 0 yellow 14 59 114 170
IMG_1038 1 white_green 74 6 145 127
IMG_1038 2 grey_red 126 75 172 208
IMG_1039 0 yellow 4 117 127 180
IMG_1039 1 white_green 41 51 115 149
IMG_1039 2 grey_red 116 112 180 196
IMG_1040 0 white_green 61 39 129 144
IMG_1040 1 yellow 6 92 79 195
IMG_1040 2 grey_red 124 92 190 187
IMG_1041 0 white_yellow 1 6 76 148
IMG_1041 1 red 58 117 162 223
IMG_1041 2 brown 63 50 162 143
IMG_1042 0 white_yellow 17 11 99 160
IMG_1042 1 red 81 64 169 141
IMG_1042 2 brown 13 95 150 224
IMG_1043 0 white_yellow 35 19 118 181
IMG_1043 1 brown 63 74 160 214
IMG_1043 2 red 96 90 178 155
IMG_1044 0 green 78 51 156 133
IMG_1044 1 brown 9 69 109 192
IMG_1044 2 orange 101 103 173 182
IMG_1044 3 red 1 32 77 94
IMG_1045 0 orange 80 107 145 172
IMG_1045 1 brown 16 57 100 150
IMG_1045 2 green 80 78 137 141
IMG_1046 0 orange 107 112 161 184
IMG_1046 1 brown 17 48 104 164
IMG_1046 2 green 85 65 139 142
IMG_1047 0 black 24 159 108 224
IMG_1047 1 white 90 6 168 190
IMG_1047 2 green 51 115 105 194
IMG_1048 0 green 16 146 92 224
IMG_1048 1 black 102 161 180 217
IMG_1048 2 white 70 23 136 198
IMG_1048 3 black 194 1 224 199
IMG_1050 0 black 100 135 166 196
IMG_1050 1 green 31 124 96 205
IMG_1050 2 white 82 9 145 164
IMG_1050 3 black 187 2 224 164
IMG_1051 0 blue 45 168 96 220
IMG_1051 1 violet 83 112 136 196
IMG_1051 2 white 42 3 103 176
IMG_1052 0 violet 51 139 97 215
IMG_1052 1 blue 97 136 139 185
IMG_1052 2 white_grey 37 4 90 169
IMG_1052 3 black 182 3 224 162
IMG_1053 0 violet 13 78 90 186
IMG_1053 1 blue 89 129 133 199
IMG_1053 2 white 9 37 177 134
IMG_1054 0 brown 55 110 170 224
IMG_1054 1 blue 30 18 114 83
IMG_1054 2 orange 44 65 114 135
IMG_1054 3 grey 109 53 197 141
IMG_1055 0 blue 20 55 99 155
IMG_1055 1 brown 89 31 177 118
IMG_1055 2 grey 114 94 212 167
IMG_1056 0 brown 120 122 204 215
IMG_1056 1 blue 48 127 113 200
IMG_1056 2 grey 5 161 60 223
IMG_1057 0 red 72 5 175 179
IMG_1057 1 blue_grey 105 142 178 208
IMG_1057 2 pink 48 164 106 211
IMG_1058 0 red 30 17 118 177
IMG_1058 1 blue_grey 102 138 173 199
IMG_1058 2 pink 51 153 110 207
IMG_1059 0 blue_grey 43 142 98 198
IMG_1059 1 pink 116 146 177 192
IMG_1059 2 red 42 15 124 169
IMG_1060 0 grey 127 91 211 205
IMG_1060 1 white 59 26 129 121
IMG_1060 2 violet 2 69 68 182
IMG_1061 0 pink_red 126 37 204 156
IMG_1061 1 violet 45 63 132 204
IMG_1061 2 green 9 35 99 157
IMG_1062 0 green 64 65 108 133
IMG_1062 1 violet 94 80 138 141
IMG_1062 2 pink_red 113 62 151 116
IMG_1063 0 pink_red 134 86 205 214
IMG_1063 1 violet 72 53 135 168
IMG_1063 2 green 2 44 79 174
IMG_1064 0 black 8 156 159 224
IMG_1064 1 blue 52 4 152 176
IMG_1064 2 grey 138 138 197 224
IMG_1065 0 blue 28 15 114 158
IMG_1065 1 black 21 138 139 190
IMG_1065 2 black 160 3 224 149
IMG_1065 3 grey 99 118 172 173
IMG_1066 0 black 9 156 139 214
IMG_1066 1 blue 61 18 141 157
IMG_1066 2 grey 135 148 185 202
IMG_1066 3 red 2 74 45 111
IMG_1067 0 brown 135 41 195 155
IMG_1067 1 grey 9 38 59 123
IMG_1067 2 orange_black 13 18 140 186
IMG_1068 0 yellow 28 67 137 171
IMG_1068 1 white 43 6 118 95
IMG_1068 2 orange 113 28 172 93
IMG_1068 3 brown 2 5 224 223
IMG_1069 0 yellow 35 84 139 169
IMG_1069 1 orange 92 10 144 78
IMG_1069 2 white 38 6 100 98
IMG_1069 3 brown 3 1 196 223
IMG_1070 0 brown 87 49 152 169
IMG_1070 1 brown 4 79 193 224
IMG_1070 2 blue 20 5 93 160
IMG_1070 3 black 42 149 120 206
IMG_1070 4 black 191 2 224 160
IMG_1071 0 black 107 140 168 184
IMG_1071 1 brown 67 60 127 167
IMG_1071 2 blue 5 26 72 178
IMG_1071 3 brown 1 112 214 215
IMG_1072 0 black 97 145 152 187
IMG_1072 1 black 176 1 224 173
IMG_1072 2 blue 19 31 82 195
IMG_1072 3 brown 71 73 106 169
IMG_1072 4 brown 1 124 195 220
IMG_1073 0 red 30 72 96 152
IMG_1073 1 green 76 56 121 126
IMG_1073 2 yellow 86 68 149 172
IMG_1073 3 brown 1 5 214 223
IMG_1074 0 yellow 26 42 80 135
IMG_1074 1 red 86 28 139 109
IMG_1074 2 green 123 36 181 107
IMG_1075 0 yellow 5 80 97 175
IMG_1075 1 green 108 70 172 152
IMG_1075 2 red 37 52 117 139
IMG_1075 3 brown 88 5 224 129
IMG_1075 4 white 14 2 97 86
IMG_1076 0 white_red 116 161 158 224
IMG_1076 1 blue 113 71 187 224
IMG_1076 2 white 172 57 224 191
IMG_1076 3 grey 6 33 183 209
IMG_1076 4 black 39 1 72 61
IMG_1076 5 black 190 1 224 76
IMG_1077 0 blue 21 65 84 220
IMG_1077 1 white 183 55 224 171
IMG_1077 2 white_red 137 105 173 182
IMG_1077 3 grey 31 27 189 157
IMG_1078 0 grey 15 61 160 188
IMG_1078 1 blue 111 86 174 208
IMG_1078 2 white_red 94 132 137 200
IMG_1078 3 white 151 79 214 197
IMG_1078 4 black 38 11 76 73
IMG_1078 5 black 186 5 224 99
IMG_1078 6 white 1 138 36 213
IMG_1078 7 brown 154 152 223 224
IMG_1079 0 blue 87 37 133 91
IMG_1079 1 green 80 68 137 127
IMG_1079 2 orange 122 42 173 90
IMG_1079 3 white_red 1 3 72 156
IMG_1079 4 blue 43 113 67 224
IMG_1080 0 orange 19 137 76 199
IMG_1080 1 blue 127 93 198 164
IMG_1080 2 blue 21 174 98 224
IMG_1080 3 green 99 2 155 41
IMG_1080 4 white_red 1 9 105 158
IMG_1081 0 orange 67 123 151 202
IMG_1081 1 blue 90 94 186 174
IMG_1081 2 white_red 1 51 68 224
IMG_1081 3 green 36 8 91 45
IMG_1082 0 violet 94 27 156 110
IMG_1082 1 pink 77 96 141 176
IMG_1082 2 green 6 83 88 204
IMG_1082 3 white_red 1 3 94 109
IMG_1083 0 green 14 68 91 178
IMG_1083 1 violet 144 59 218 152
IMG_1083 2 pink 84 107 143 173
IMG_1083 3 white_red 19 11 163 122
IMG_1084 0 pink 72 122 129 189
IMG_1084 1 white_red 15 10 151 133
IMG_1084 2 white 2 76 101 220
IMG_1084 3 violet 130 67 192 162
IMG_1084 4 green 137 107 224 209
